Test 1
Real data:
0.234 0.234 0.234 0.234 0.234 0.234 0.234 0.234 0.234 0.234
0.234 0.456 0.456 0.456 0.456 0.456 0.456 0.456 0.456 0.234
0.234 0.456 0.678 0.678 0.678 0.678 0.678 0.678 0.456 0.234
0.234 0.456 0.678 0.901 0.901 0.901 0.901 0.678 0.456 0.234
0.234 0.456 0.678 0.901 1 1 0.901 0.678 0.456 0.234
0.234 0.456 0.678 0.901 1 1 0.901 0.678 0.456 0.234
0.234 0.456 0.678 0.901 0.901 0.901 0.901 0.678 0.456 0.234
0.234 0.456 0.678 0.678 0.678 0.678 0.678 0.678 0.456 0.234
0.234 0.456 0.456 0.456 0.456 0.456 0.456 0.456 0.456 0.234
0.234 0.234 0.234 0.234 0.234 0.234 0.234 0.234 0.234 0.234

Predicted Data:
-0.0198 0.1520 0.2809 0.3668 0.4097 0.4097 0.3668 0.2809 0.1520 -0.0198
0.1520 0.3238 0.4527 0.5386 0.5815 0.5815 0.5386 0.4527 0.3238 0.1520
0.2809 0.4527 0.5815 0.6674 0.7104 0.7104 0.6674 0.5815 0.4527 0.2809
0.3668 0.5386 0.6674 0.7533 0.7963 0.7963 0.7533 0.6674 0.5386 0.3668
0.4097 0.5815 0.7104 0.7963 0.8393 0.8393 0.7963 0.7104 0.5815 0.4097
0.4097 0.5815 0.7104 0.7963 0.8393 0.8393 0.7963 0.7104 0.5815 0.4097
0.3668 0.5386 0.6674 0.7533 0.7963 0.7963 0.7533 0.6674 0.5386 0.3668
0.2809 0.4527 0.5815 0.6674 0.7104 0.7104 0.6674 0.5815 0.4527 0.2809
0.1520 0.3238 0.4527 0.5386 0.5815 0.5815 0.5386 0.4527 0.3238 0.1520
-0.0198 0.1520 0.2809 0.3668 0.4097 0.4097 0.3668 0.2809 0.1520 -0.0198

Parameters:
A: -2.14758
B: -2.14758
C: -0.00000
D: 1.93282
E: 1.93282
F: -0.01978

Test 2
Real data:
0 0 0 0 0 0 0 0 0 0 0 0 0 0 0
0 0.1 0.1 0.1 0.1 0.1 0.1 0.1 0.1 0.1 0.1 0.1 0.1 0.1 0
0 0.1 0.2 0.2 0.2 0.2 0.2 0.2 0.2 0.2 0.2 0.2 0.2 0.1 0
0 0.1 0.2 0.3 0.3 0.3 0.3 0.3 0.3 0.3 0.3 0.3 0.2 0.1 0
0 0.1 0.2 0.3 0.4 0.4 0.5 0.7 0.7 0.5 0.4 0.3 0.2 0.1 0
0 0.1 0.2 0.3 0.4 0.4 0.5 0.7 0.7 0.5 0.4 0.3 0.2 0.1 0
0 0.1 0.2 0.3 0.3 0.3 0.3 0.3 0.3 0.3 0.3 0.3 0.2 0.1 0
0 0.1 0.2 0.2 0.2 0.2 0.2 0.2 0.2 0.2 0.2 0.2 0.2 0.1 0
0 0.1 0.1 0.1 0.1 0.1 0.1 0.1 0.1 0.1 0.1 0.1 0.1 0.1 0
0 0 0 0 0 0 0 0 0 0 0 0 0 0 0

Predicted Data:
-0.1652 -0.1026 -0.0496 -0.0062 0.0277 0.0519 0.0666 0.0717 0.0671 0.0531 0.0294 -0.0039 -0.0467 -0.0992 -0.1612
-0.0484 0.0142 0.0672 0.1106 0.1444 0.1687 0.1833 0.1884 0.1839 0.1698 0.1461 0.1129 0.0700 0.0176 -0.0444
0.0391 0.1017 0.1547 0.1982 0.2320 0.2563 0.2709 0.2760 0.2715 0.2574 0.2337 0.2004 0.1576 0.1052 0.0431
0.0975 0.1601 0.2131 0.2565 0.2904 0.3146 0.3293 0.3344 0.3299 0.3158 0.2921 0.2588 0.2160 0.1635 0.1015
0.1267 0.1893 0.2423 0.2857 0.3196 0.3438 0.3585 0.3636 0.3591 0.3450 0.3213 0.2880 0.2452 0.1927 0.1307
0.1267 0.1893 0.2423 0.2857 0.3196 0.3438 0.3585 0.3636 0.3591 0.3450 0.3213 0.2880 0.2452 0.1927 0.1307
0.0975 0.1601 0.2131 0.2565 0.2904 0.3146 0.3293 0.3344 0.3299 0.3158 0.2921 0.2588 0.2160 0.1635 0.1015
0.0391 0.1017 0.1547 0.1982 0.2320 0.2563 0.2709 0.2760 0.2715 0.2574 0.2337 0.2004 0.1576 0.1052 0.0431
-0.0484 0.0142 0.0672 0.1106 0.1444 0.1687 0.1833 0.1884 0.1839 0.1698 0.1461 0.1129 0.0700 0.0176 -0.0444
-0.1652 -0.1026 -0.0496 -0.0062 0.0277 0.0519 0.0666 0.0717 0.0671 0.0531 0.0294 -0.0039 -0.0467 -0.0992 -0.1612

Parameters:
A: -1.45960
B: -1.07846
C: -0.00000
D: 1.31364
E: 1.01085
F: -0.16521

Test 3
Real data:
0 0 0 0 0 0 0 0 0 0 0 0 0 0 0
0 0.05 0.05 0.05 0.05 0.05 0.05 0.05 0.05 0.05 0.05 0.05 0.05 0.05 0
0 0.05 0.1 0.1 0.1 0.1 0.1 0.1 0.1 0.1 0.1 0.1 0.1 0.05 0
0 0.05 0.1 0.25 0.25 0.25 0.25 0.25 0.25 0.25 0.25 0.25 0.1 0.05 0
0 0.05 0.1 0.25 0.3 0.3 0.3 0.3 0.3 0.3 0.3 0.25 0.1 0.05 0
0 0.05 0.1 0.25 0.3 0.4 0.5 0.5 0.5 0.4 0.3 0.25 0.1 0.05 0
0 0.05 0.1 0.25 0.3 0.4 0.5 0.5 0.5 0.4 0.3 0.25 0.1 0.05 0
0 0.05 0.1 0.25 0.3 0.4 0.5 0.5 0.5 0.4 0.3 0.25 0.1 0.05 0
0 0.05 0.1 0.25 0.3 0.4 0.5 0.5 0.5 0.4 0.3 0.25 0.1 0.05 0
0 0.05 0.1 0.25 0.3 0.4 0.4 0.4 0.4 0.4 0.3 0.25 0.1 0.05 0
0 0.05 0.1 0.25 0.3 0.3 0.3 0.3 0.3 0.3 0.3 0.25 0.1 0.05 0
0 0.05 0.1 0.25 0.25 0.25 0.25 0.25 0.25 0.25 0.25 0.25 0.1 0.05 0
0 0.05 0.1 0.1 0.1 0.1 0.1 0.1 0.1 0.1 0.1 0.1 0.1 0.05 0
0 0.05 0.05 0.05 0.05 0.05 0.05 0.05 0.05 0.05 0.05 0.05 0.05 0.05 0
0 0 0 0 0 0 0 0 0 0 0 0 0 0 0

Predicted Data:
-0.1830 -0.1122 -0.0523 -0.0033 0.0348 0.0620 0.0783 0.0838 0.0783 0.0620 0.0348 -0.0033 -0.0523 -0.1122 -0.1830
-0.1126 -0.0418 0.0181 0.0671 0.1052 0.1324 0.1487 0.1542 0.1487 0.1324 0.1052 0.0671 0.0181 -0.0418 -0.1126
-0.0530 0.0178 0.0776 0.1266 0.1647 0.1920 0.2083 0.2137 0.2083 0.1920 0.1647 0.1266 0.0776 0.0178 -0.0530
-0.0043 0.0665 0.1263 0.1753 0.2134 0.2407 0.2570 0.2624 0.2570 0.2407 0.2134 0.1753 0.1263 0.0665 -0.0043
0.0335 0.1043 0.1642 0.2132 0.2513 0.2785 0.2948 0.3003 0.2948 0.2785 0.2513 0.2132 0.1642 0.1043 0.0335
0.0605 0.1313 0.1912 0.2402 0.2783 0.3055 0.3218 0.3273 0.3218 0.3055 0.2783 0.2402 0.1912 0.1313 0.0605
0.0767 0.1474 0.2073 0.2563 0.2944 0.3217 0.3380 0.3434 0.3380 0.3217 0.2944 0.2563 0.2073 0.1474 0.0767
0.0820 0.1527 0.2126 0.2616 0.2997 0.3269 0.3433 0.3487 0.3433 0.3269 0.2997 0.2616 0.2126 0.1527 0.0820
0.0764 0.1472 0.2070 0.2560 0.2941 0.3214 0.3377 0.3431 0.3377 0.3214 0.2941 0.2560 0.2070 0.1472 0.0764
0.0600 0.1307 0.1906 0.2396 0.2777 0.3049 0.3213 0.3267 0.3213 0.3049 0.2777 0.2396 0.1906 0.1307 0.0600
0.0327 0.1035 0.1633 0.2123 0.2504 0.2777 0.2940 0.2994 0.2940 0.2777 0.2504 0.2123 0.1633 0.1035 0.0327
-0.0055 0.0653 0.1252 0.1742 0.2123 0.2395 0.2559 0.2613 0.2559 0.2395 0.2123 0.1742 0.1252 0.0653 -0.0055
-0.0544 0.0163 0.0762 0.1252 0.1633 0.1905 0.2069 0.2123 0.2069 0.1905 0.1633 0.1252 0.0762 0.0163 -0.0544
-0.1143 -0.0435 0.0164 0.0654 0.1035 0.1307 0.1470 0.1525 0.1470 0.1307 0.1035 0.0654 0.0164 -0.0435 -0.1143
-0.1850 -0.1142 -0.0543 -0.0053 0.0328 0.0600 0.0763 0.0818 0.0763 0.0600 0.0328 -0.0053 -0.0543 -0.1142 -0.1850

Parameters:
A: -1.22123
B: -1.22487
C: -0.00000
D: 1.13768
E: 1.14321
F: -0.18299

Test 4
Real data:
0.1 0.1 0.1 0.1
0.1 0.2 0.2 0.1
0.1 0.3 0.3 0.1
0.1 0.4 0.3 0.1
0.1 0.5 0.5 0.1
0.1 0.6 0.6 0.1
0.1 0.7 0.7 0.1
0.1 0.8 0.8 0.1
0.1 0.7 0.7 0.1
0.1 0.6 0.6 0.1
0.1 0.5 0.5 0.1
0.1 0.4 0.4 0.1
0.1 0.3 0.3 0.1
0.1 0.2 0.2 0.1
0.1 0.1 0.1 0.1

Predicted Data:
-0.0917 0.2300 0.2283 -0.0967
-0.0094 0.3124 0.3109 -0.0140
0.0603 0.3822 0.3808 0.0561
0.1173 0.4394 0.4381 0.1136
0.1617 0.4839 0.4828 0.1584
0.1934 0.5158 0.5148 0.1905
0.2125 0.5350 0.5342 0.2101
0.2189 0.5416 0.5409 0.2169
0.2128 0.5356 0.5351 0.2112
0.1940 0.5169 0.5165 0.1928
0.1625 0.4856 0.4854 0.1618
0.1184 0.4417 0.4416 0.1181
0.0617 0.3851 0.3851 0.0618
-0.0077 0.3159 0.3160 -0.0071
-0.0897 0.2340 0.2343 -0.0887

Parameters:
A: -1.42170
B: -2.58667
C: 0.00857
D: 1.32907
E: 1.93333
F: -0.09167